0000000000000000
0000000000010000
0000000000011110
0000000000100111
0000000000101010
0000000000100111
0000000000011110
0000000000010000
0000000000000000
0000000011110000
0000000011100010
0000000011011001
0000000011010110
0000000011011001
0000000011100010
0000000011110000
0000000000000000
0000000000010000
0000000000011110
0000000000100111
0000000000101010
0000000000100111
0000000000011110
0000000000010000
0000000000000000
0000000011110000
0000000011100010
0000000011011001
0000000011010110
0000000011011001
0000000011100010
0000000011110000
