0000000000000000
0000000000100000
0000000000111100
0000000001001110
0000000001010101
0000000001001110
0000000000111100
0000000000100000
0000000000000000
0000000011100000
0000000011000100
0000000010110010
0000000010101011
0000000010110010
0000000011000100
0000000011100000
0000000000000000
0000000000100000
0000000000111100
0000000001001110
0000000001010101
0000000001001110
0000000000111100
0000000000100000
0000000000000000
0000000011100000
0000000011000100
0000000010110010
0000000010101011
0000000010110010
0000000011000100
0000000011100000
