0000000000000000
0000000000100011
0000000000100111
0000000000001000
1111111111100010
1111111111010110
1111111111110000
0000000000011000
0000000000101010
0000000000011000
1111111111110000
1111111111010110
1111111111100010
0000000000001000
0000000000100111
0000000000100011
0000000000000000
1111111111011101
1111111111011001
1111111111111000
0000000000011110
0000000000101010
0000000000010000
1111111111101000
1111111111010110
1111111111101000
0000000000010000
0000000000101010
0000000000011110
1111111111111000
1111111111011001
1111111111011101
0000000000000000
0000000000100011
0000000000100111
0000000000001000
1111111111100010
1111111111010110
1111111111110000
0000000000011000
0000000000101010
0000000000011000
1111111111110000
1111111111010110
1111111111100010
0000000000001000
0000000000100111
0000000000100011
0000000000000000
1111111111011101
1111111111011001
1111111111111000
0000000000011110
0000000000101010
0000000000010000
1111111111101000
1111111111010110
1111111111101000
0000000000010000
0000000000101010
0000000000011110
1111111111111000
1111111111011001
1111111111011101
