0000000000000000
0000000000100000
0000000000111100
0000000001001110
0000000001010101
0000000001001110
0000000000111100
0000000000100000
0000000000000000
1111111111100000
1111111111000100
1111111110110010
1111111110101011
1111111110110010
1111111111000100
1111111111100000
0000000000000000
0000000000100000
0000000000111100
0000000001001110
0000000001010101
0000000001001110
0000000000111100
0000000000100000
0000000000000000
1111111111100000
1111111111000100
1111111110110010
1111111110101011
1111111110110010
1111111111000100
1111111111100000
