0000000000000000
0000000000010000
0000000000011110
0000000000100111
0000000000101010
0000000000100111
0000000000011110
0000000000010000
0000000000000000
1111111111110000
1111111111100010
1111111111011001
1111111111010110
1111111111011001
1111111111100010
1111111111110000
0000000000000000
0000000000010000
0000000000011110
0000000000100111
0000000000101010
0000000000100111
0000000000011110
0000000000010000
0000000000000000
1111111111110000
1111111111100010
1111111111011001
1111111111010110
1111111111011001
1111111111100010
1111111111110000