0000000000000000
0000000001101010
0000000001110101
0000000000011001
1111111110100110
1111111110000011
1111111111001111
0000000001000111
0000000001111111
0000000001000111
1111111111001111
1111111110000011
1111111110100110
0000000000011001
0000000001110101
0000000001101010
0000000000000000
1111111110010110
1111111110001011
1111111111100111
0000000001011010
0000000001111101
0000000000110001
1111111110111001
1111111110000001
1111111110111001
0000000000110001
0000000001111101
0000000001011010
1111111111100111
1111111110001011
1111111110010110
0000000000000000
0000000001101010
0000000001110101
0000000000011001
1111111110100110
1111111110000011
1111111111001111
0000000001000111
0000000001111111
0000000001000111
1111111111001111
1111111110000011
1111111110100110
0000000000011001
0000000001110101
0000000001101010
0000000000000000
1111111110010110
1111111110001011
1111111111100111
0000000001011010
0000000001111101
0000000000110001
1111111110111001
1111111110000001
1111111110111001
0000000000110001
0000000001111101
0000000001011010
1111111111100111
1111111110001011
1111111110010110
